     0.333     0.2352     0.2261     0.1071          0          0          0    0.01895     0.4788     0.6814
    0.4349     0.4098     0.3939     0.2055          0          0          0    0.03864     0.7027     0.6747
    0.4749     0.4483     0.4491      0.253          0          0          0    0.06128       1.13     0.6666
     0.456     0.5081     0.4526     0.2693          0          0          0    0.09371      1.667     0.6764
    0.4737     0.5299     0.4895     0.2956          0          0          0     0.1283      2.338     0.6958
    0.4816     0.5098     0.4772     0.2886          0          0          0     0.1802      3.372     0.8672
     0.408     0.5145     0.4456     0.2724          0          0          0     0.2217      4.289     0.8738
    0.4209     0.4574     0.4005     0.2387          0          0          0      0.314      5.276      1.258
    0.3625     0.4383     0.3389      0.204          0          0          0     0.3594      6.383     0.7912
    0.2779     0.4209     0.2737      0.164          0          0          0     0.4519      7.636     0.7196
    0.2794     0.4011     0.2347     0.1332          0          0          0     0.5801      9.695      2.775
